ICP benchmark summary
   rot_deg  trans_mm          method     iterations        time_ms     final_rmseinitial_noisy_rmse
------------------------------------------------------------------------------------------------
     0.000     0.000             svd              3         99.278          1.739          1.839
     0.000     0.000              lm              3        144.543          1.739          1.839
     0.000     0.000     o3d-p2point              0        311.384          1.174          1.839
     0.000     0.000     o3d-p2plane              0         94.117          1.169          1.839
     0.000     0.000         o3d-gen              0       1370.455          1.212          1.839
     0.000     1.000             svd             28        652.624          1.176          2.123
     0.000     1.000              lm             30       1797.881          1.175          2.123
     0.000     1.000     o3d-p2point              0        425.311          1.171          2.123
     0.000     1.000     o3d-p2plane              0        213.041          1.168          2.123
     0.000     1.000         o3d-gen              0        763.058          1.171          2.123
     0.000     3.000             svd            100       2166.709          1.171          2.397
     0.000     3.000              lm            100       6401.694          1.171          2.397
     0.000     3.000     o3d-p2point              0        363.835          1.171          2.397
     0.000     3.000     o3d-p2plane              0         86.919          1.168          2.397
     0.000     3.000         o3d-gen              0        484.097          1.169          2.397
     0.000     5.000             svd            100       2195.945          1.171          3.816
     0.000     5.000              lm            100       6383.923          1.171          3.816
     0.000     5.000     o3d-p2point              0        362.872          1.171          3.816
     0.000     5.000     o3d-p2plane              0        115.029          1.168          3.816
     0.000     5.000         o3d-gen              0       1205.874          1.169          3.816
     3.000     0.000             svd            100       2184.681          1.182          1.994
     3.000     0.000              lm            100       6332.684          1.182          1.994
     3.000     0.000     o3d-p2point              0        350.090          1.182          1.994
     3.000     0.000     o3d-p2plane              0        133.287          1.168          1.994
     3.000     0.000         o3d-gen              0        824.428          1.169          1.994
     3.000     1.000             svd            100       2180.404          1.178          2.442
     3.000     1.000              lm            100       6211.227          1.178          2.442
     3.000     1.000     o3d-p2point              0        418.899          1.178          2.442
     3.000     1.000     o3d-p2plane              0        146.979          1.168          2.442
     3.000     1.000         o3d-gen              0       1110.735          1.169          2.442
     3.000     3.000             svd             89       1938.320          1.170          2.153
     3.000     3.000              lm             89       5543.848          1.170          2.153
     3.000     3.000     o3d-p2point              0        307.087          1.170          2.153
     3.000     3.000     o3d-p2plane              0        112.983          1.168          2.153
     3.000     3.000         o3d-gen              0        332.869          1.169          2.153
     3.000     5.000             svd            100       2186.797          1.176          2.779
     3.000     5.000              lm            100       6207.156          1.176          2.779
     3.000     5.000     o3d-p2point              0        344.079          1.176          2.779
     3.000     5.000     o3d-p2plane              0        256.302          1.168          2.779
     3.000     5.000         o3d-gen              0       1089.066          1.169          2.779
     5.000     0.000             svd             79       1751.628          1.168          3.218
     5.000     0.000              lm             65       4165.331          1.168          3.218
     5.000     0.000     o3d-p2point              0        287.156          1.168          3.218
     5.000     0.000     o3d-p2plane              0        106.699          1.168          3.218
     5.000     0.000         o3d-gen              0        284.791          1.169          3.218
     5.000     1.000             svd            100       2275.893          1.174          1.569
     5.000     1.000              lm            100       6644.008          1.174          1.569
     5.000     1.000     o3d-p2point              0        746.250          1.174          1.569
     5.000     1.000     o3d-p2plane              0        138.534          1.168          1.569
     5.000     1.000         o3d-gen              0       2085.822          1.169          1.569
     5.000     3.000             svd            100       2710.330          1.169          2.862
     5.000     3.000              lm            100       8178.962          1.169          2.862
     5.000     3.000     o3d-p2point              0        865.800          1.169          2.862
     5.000     3.000     o3d-p2plane              0        134.743          1.168          2.862
     5.000     3.000         o3d-gen              0        781.476          1.170          2.862
     5.000     5.000             svd            100       2573.000          1.176          3.286
     5.000     5.000              lm            100       6947.180          1.176          3.286
     5.000     5.000     o3d-p2point              0        390.566          1.176          3.286
     5.000     5.000     o3d-p2plane              0         49.022          1.168          3.286
     5.000     5.000         o3d-gen              0        908.149          1.169          3.286
    10.000     0.000             svd             34        788.145          1.169          1.785
    10.000     0.000              lm             35       2220.585          1.169          1.785
    10.000     0.000     o3d-p2point              0        179.714          1.169          1.785
    10.000     0.000     o3d-p2plane              0        131.434          1.168          1.785
    10.000     0.000         o3d-gen              0        753.418          1.169          1.785
    10.000     1.000             svd            100       2410.697          1.174          4.333
    10.000     1.000              lm            100       6608.488          1.174          4.333
    10.000     1.000     o3d-p2point              0        377.333          1.174          4.333
    10.000     1.000     o3d-p2plane              0        236.450          1.168          4.333
    10.000     1.000         o3d-gen              0        808.010          1.169          4.333
    10.000     3.000             svd            100       2245.264          1.179          3.520
    10.000     3.000              lm            100       6437.601          1.179          3.520
    10.000     3.000     o3d-p2point              0        316.228          1.179          3.520
    10.000     3.000     o3d-p2plane              0         52.804          1.168          3.520
    10.000     3.000         o3d-gen              0       1386.441          1.169          3.520
    10.000     5.000             svd             73       1705.753          1.168          3.145
    10.000     5.000              lm             74       4640.997          1.168          3.145
    10.000     5.000     o3d-p2point              0        302.681          1.168          3.145
    10.000     5.000     o3d-p2plane              0        178.143          1.168          3.145
    10.000     5.000         o3d-gen              0        578.870          1.169          3.145

Note: the number of iterations for Open3D's ICP methods is not available, so it is set to 0 in the summary table. You can check the debug output to see how many iterations were performed for each method.
