ICP benchmark summary
   rot_deg  trans_mm          method     iterations        time_ms     final_rmseinitial_noisy_rmse
------------------------------------------------------------------------------------------------
     0.000     0.000             svd             21        161.359          0.433          0.614
     0.000     0.000              lm             21        458.396          0.433          0.614
     0.000     0.000     o3d-p2point              0         22.144          0.433          0.614
     0.000     0.000     o3d-p2plane              0         10.787          0.433          0.614
     0.000     0.000         o3d-gen              0         34.280          0.433          0.614
     0.000     1.000             svd             22        168.570          0.433          0.971
     0.000     1.000              lm             22        491.676          0.433          0.971
     0.000     1.000     o3d-p2point              0         21.143          0.433          0.971
     0.000     1.000     o3d-p2plane              0         11.818          0.433          0.971
     0.000     1.000         o3d-gen              0         97.606          0.433          0.971
     0.000     3.000             svd             23        182.636          0.433          1.953
     0.000     3.000              lm             23        478.180          0.433          1.953
     0.000     3.000     o3d-p2point              0         24.075          0.433          1.953
     0.000     3.000     o3d-p2plane              0         11.474          0.433          1.953
     0.000     3.000         o3d-gen              0         48.338          0.433          1.953
     0.000     5.000             svd             25        202.306          0.433          2.680
     0.000     5.000              lm             25        532.326          0.433          2.680
     0.000     5.000     o3d-p2point              0         25.778          0.433          2.680
     0.000     5.000     o3d-p2plane              0         16.443          0.433          2.680
     0.000     5.000         o3d-gen              0         67.167          0.433          2.680
     3.000     0.000             svd             23        176.810          0.433          0.756
     3.000     0.000              lm             23        501.589          0.433          0.756
     3.000     0.000     o3d-p2point              0         23.859          0.433          0.756
     3.000     0.000     o3d-p2plane              0         10.301          0.433          0.756
     3.000     0.000         o3d-gen              0         43.522          0.433          0.756
     3.000     1.000             svd             26        201.322          0.433          1.136
     3.000     1.000              lm             27        588.446          0.433          1.136
     3.000     1.000     o3d-p2point              0         27.011          0.433          1.136
     3.000     1.000     o3d-p2plane              0         12.253          0.433          1.136
     3.000     1.000         o3d-gen              0         46.641          0.433          1.136
     3.000     3.000             svd             25        197.375          0.433          2.110
     3.000     3.000              lm             24        531.834          0.433          2.110
     3.000     3.000     o3d-p2point              0         24.820          0.433          2.110
     3.000     3.000     o3d-p2plane              0          9.605          0.433          2.110
     3.000     3.000         o3d-gen              0         34.020          0.433          2.110
     3.000     5.000             svd             27        218.376          0.433          2.266
     3.000     5.000              lm             27        572.983          0.433          2.266
     3.000     5.000     o3d-p2point              0         26.670          0.433          2.266
     3.000     5.000     o3d-p2plane              0          9.863          0.433          2.266
     3.000     5.000         o3d-gen              0         41.437          0.433          2.266
     5.000     0.000             svd             26        201.369          0.433          1.029
     5.000     0.000              lm             26        559.242          0.433          1.029
     5.000     0.000     o3d-p2point              0         23.239          0.433          1.029
     5.000     0.000     o3d-p2plane              0          8.716          0.433          1.029
     5.000     0.000         o3d-gen              0         37.890          0.433          1.029
     5.000     1.000             svd             26        210.734          0.433          2.761
     5.000     1.000              lm             26        575.027          0.433          2.761
     5.000     1.000     o3d-p2point              0         55.352          0.433          2.761
     5.000     1.000     o3d-p2plane              0         10.135          0.433          2.761
     5.000     1.000         o3d-gen              0         36.920          0.433          2.761
     5.000     3.000             svd             26        208.031          0.433          2.347
     5.000     3.000              lm             26        575.882          0.433          2.347
     5.000     3.000     o3d-p2point              0         79.782          0.433          2.347
     5.000     3.000     o3d-p2plane              0        102.861          0.433          2.347
     5.000     3.000         o3d-gen              0         37.370          0.433          2.347
     5.000     5.000             svd             35        289.743          0.433          2.615
     5.000     5.000              lm             35        756.029          0.433          2.615
     5.000     5.000     o3d-p2point              0         34.577          0.433          2.615
     5.000     5.000     o3d-p2plane              0        106.542          0.433          2.615
     5.000     5.000         o3d-gen              0         62.757          0.433          2.615
    10.000     0.000             svd             24        191.318          0.433          1.946
    10.000     0.000              lm             24        539.339          0.433          1.946
    10.000     0.000     o3d-p2point              0         22.929          0.433          1.946
    10.000     0.000     o3d-p2plane              0         17.186          0.433          1.946
    10.000     0.000         o3d-gen              0        123.755          0.433          1.946
    10.000     1.000             svd             38        308.178          0.433          4.020
    10.000     1.000              lm             38        881.541          0.433          4.020
    10.000     1.000     o3d-p2point              0         38.857          0.433          4.020
    10.000     1.000     o3d-p2plane              0        120.281          0.433          4.020
    10.000     1.000         o3d-gen              0         39.047          0.433          4.020
    10.000     3.000             svd             29        239.339          0.433          2.882
    10.000     3.000              lm             29        654.071          0.433          2.882
    10.000     3.000     o3d-p2point              0         32.317          0.433          2.882
    10.000     3.000     o3d-p2plane              0         12.551          0.433          2.882
    10.000     3.000         o3d-gen              0        141.520          0.433          2.882
    10.000     5.000             svd             29        235.463          0.433          3.594
    10.000     5.000              lm             29        653.480          0.433          3.594
    10.000     5.000     o3d-p2point              0         48.373          0.433          3.594
    10.000     5.000     o3d-p2plane              0         11.858          0.433          3.594
    10.000     5.000         o3d-gen              0         43.165          0.433          3.594

Note: the number of iterations for Open3D's ICP methods is not available, so it is set to 0 in the summary table. You can check the debug output to see how many iterations were performed for each method.
