ICP benchmark summary
   rot_deg  trans_mm          method     iterations        time_ms     final_rmseinitial_noisy_rmse
------------------------------------------------------------------------------------------------
     0.000     0.000             svd             15        228.610          0.212          0.452
     0.000     0.000              lm             15        907.037          0.212          0.452
     0.000     0.000     o3d-p2point              0         43.458          0.212          0.452
     0.000     0.000     o3d-p2plane              0         63.744          0.212          0.452
     0.000     0.000         o3d-gen              0        111.724          0.212          0.452
     0.000     1.000             svd             16        241.829          0.212          0.771
     0.000     1.000              lm             16        910.684          0.212          0.771
     0.000     1.000     o3d-p2point              0         42.841          0.212          0.771
     0.000     1.000     o3d-p2plane              0         63.201          0.212          0.771
     0.000     1.000         o3d-gen              0         98.003          0.212          0.771
     0.000     3.000             svd             18        287.843          0.212          1.697
     0.000     3.000              lm             18       1008.273          0.212          1.697
     0.000     3.000     o3d-p2point              0         50.191          0.212          1.697
     0.000     3.000     o3d-p2plane              0         63.375          0.212          1.697
     0.000     3.000         o3d-gen              0        112.999          0.212          1.697
     0.000     5.000             svd             20        338.209          0.212          3.133
     0.000     5.000              lm             20       1140.665          0.212          3.133
     0.000     5.000     o3d-p2point              0         58.913          0.212          3.133
     0.000     5.000     o3d-p2plane              0         75.469          0.212          3.133
     0.000     5.000         o3d-gen              0        101.576          0.212          3.133
     3.000     0.000             svd             16        235.632          0.212          0.567
     3.000     0.000              lm             16        932.637          0.212          0.567
     3.000     0.000     o3d-p2point              0         44.729          0.212          0.567
     3.000     0.000     o3d-p2plane              0         16.282          0.212          0.567
     3.000     0.000         o3d-gen              0        115.166          0.212          0.567
     3.000     1.000             svd             27        425.233          0.212          1.560
     3.000     1.000              lm             27       1677.442          0.212          1.560
     3.000     1.000     o3d-p2point              0        176.633          0.212          1.560
     3.000     1.000     o3d-p2plane              0         37.244          0.212          1.560
     3.000     1.000         o3d-gen              0        116.363          0.212          1.560
     3.000     3.000             svd             21        334.113          0.212          1.968
     3.000     3.000              lm             21       1239.045          0.212          1.968
     3.000     3.000     o3d-p2point              0         63.169          0.212          1.968
     3.000     3.000     o3d-p2plane              0         20.174          0.212          1.968
     3.000     3.000         o3d-gen              0        101.228          0.212          1.968
     3.000     5.000             svd             22        364.170          0.212          2.893
     3.000     5.000              lm             22       1374.526          0.212          2.893
     3.000     5.000     o3d-p2point              0         63.825          0.212          2.893
     3.000     5.000     o3d-p2plane              0         78.650          0.212          2.893
     3.000     5.000         o3d-gen              0         89.104          0.212          2.893
     5.000     0.000             svd             26        400.618          0.212          1.352
     5.000     0.000              lm             26       1648.326          0.212          1.352
     5.000     0.000     o3d-p2point              0         66.909          0.212          1.352
     5.000     0.000     o3d-p2plane              0         74.800          0.212          1.352
     5.000     0.000         o3d-gen              0        115.332          0.212          1.352
     5.000     1.000             svd             31        514.734          0.212          1.915
     5.000     1.000              lm             31       2027.681          0.212          1.915
     5.000     1.000     o3d-p2point              0         81.477          0.212          1.915
     5.000     1.000     o3d-p2plane              0         77.636          0.212          1.915
     5.000     1.000         o3d-gen              0         79.559          0.212          1.915
     5.000     3.000             svd             23        376.556          0.212          2.190
     5.000     3.000              lm             23       1449.960          0.212          2.190
     5.000     3.000     o3d-p2point              0         60.662          0.212          2.190
     5.000     3.000     o3d-p2plane              0         67.514          0.212          2.190
     5.000     3.000         o3d-gen              0        111.370          0.212          2.190
     5.000     5.000             svd             24        411.328          0.212          2.583
     5.000     5.000              lm             24       1408.726          0.212          2.583
     5.000     5.000     o3d-p2point              0         72.526          0.212          2.583
     5.000     5.000     o3d-p2plane              0         21.724          0.212          2.583
     5.000     5.000         o3d-gen              0        124.176          0.212          2.583
    10.000     0.000             svd             27        475.274          0.212          3.572
    10.000     0.000              lm             27       1734.491          0.212          3.572
    10.000     0.000     o3d-p2point              0         82.413          0.212          3.572
    10.000     0.000     o3d-p2plane              0         92.344          0.212          3.572
    10.000     0.000         o3d-gen              0        114.554          0.212          3.572
    10.000     1.000             svd             26        434.190          0.212          2.874
    10.000     1.000              lm             26       1616.817          0.212          2.874
    10.000     1.000     o3d-p2point              0         79.322          0.212          2.874
    10.000     1.000     o3d-p2plane              0         26.276          0.212          2.874
    10.000     1.000         o3d-gen              0        136.477          0.212          2.874
    10.000     3.000             svd             29        493.320          0.212          2.958
    10.000     3.000              lm             29       1861.817          0.212          2.958
    10.000     3.000     o3d-p2point              0         77.219          0.212          2.958
    10.000     3.000     o3d-p2plane              0         24.686          0.212          2.958
    10.000     3.000         o3d-gen              0        127.245          0.212          2.958
    10.000     5.000             svd             27        460.786          0.212          4.017
    10.000     5.000              lm             27       1679.923          0.212          4.017
    10.000     5.000     o3d-p2point              0         81.994          0.212          4.017
    10.000     5.000     o3d-p2plane              0         21.399          0.212          4.017
    10.000     5.000         o3d-gen              0        123.380          0.212          4.017

Note: the number of iterations for Open3D's ICP methods is not available, so it is set to 0 in the summary table. You can check the debug output to see how many iterations were performed for each method.
